
10 = 10
25.0 x 15.0 = 375
Binario 12.55  1100.10001
Primo 36.0 false
M+ 1.0 >  1.0
M+ 5.0 >  1.0  5.0
M+ 8.0 >  1.0  5.0  8.0
M+ 1.0 >  1.0  5.0  8.0  1.0
M+ 6.0 >  1.0  5.0  8.0  1.0  6.0
M+ 8.0 >  1.0  5.0  8.0  1.0  6.0  8.0
M+ 2.0 >  1.0  5.0  8.0  1.0  6.0  8.0  2.0
M+ 4.0 >  1.0  5.0  8.0  1.0  6.0  8.0  2.0  4.0
M+ 8.0 >  1.0  5.0  8.0  1.0  6.0  8.0  2.0  4.0  8.0
M+ 3.0 >  1.0  5.0  8.0  1.0  6.0  8.0  2.0  4.0  8.0  3.0
M+ 8.0 >  5.0  8.0  1.0  6.0  8.0  2.0  4.0  8.0  3.0  8.0
M+ 25.0 >  8.0  1.0  6.0  8.0  2.0  4.0  8.0  3.0  8.0  25.0
M+ 78.0 >  1.0  6.0  8.0  2.0  4.0  8.0  3.0  8.0  25.0  78.0
M+ 32.0 >  6.0  8.0  2.0  4.0  8.0  3.0  8.0  25.0  78.0  32.0
M+ 1.0 >  8.0  2.0  4.0  8.0  3.0  8.0  25.0  78.0  32.0  1.0
M+ 6.0 >  2.0  4.0  8.0  3.0  8.0  25.0  78.0  32.0  1.0  6.0
Avg  2.0  4.0  8.0  3.0  8.0  25.0  78.0  32.0  1.0  6.0  = 16.7
Binario 78.0  1001110
Primo 3.0 true
Primo 0.0 false
8 = 8
55.0 * 15.0 = 825
825.0 - 25.0 = 800
800.0 / 8.0 = 100
55.0 * 56.0 = 3080
Binario 85.35  1010101.01011
55.0 / 10.0 = 5.5
M+ 5.5 >  5.5
Binario 89.0  1011001
55.0 + 5.0 = 60
Binario 60.0  111100
